10 0.9 10.405192057291666 23.760782732353295 77.608154296875 1.7568359375 0 0
20 0.7 2.1415318080357144 0.2721575527564434 77.608154296875 1.7568359375 10.405192057291666 9
30 1.2 1.92327880859375 0.14724726490817117 77.608154296875 1.615966796875 6.7898406982421875 16
40 1.2 1.94866943359375 0.17893845505681055 77.608154296875 1.615966796875 4.704171316964286 28
50 0.9 1.9151746961805556 0.1804559873262084 77.608154296875 1.615966796875 3.877520751953125 40
60 1.5 2.045296223958333 0.16985355021770662 77.608154296875 1.615966796875 3.51708984375 49
70 0.7 2.2525460379464284 0.9651875882781805 77.608154296875 1.615966796875 3.172138214111328 64
80 0 0 0 77.608154296875 1.615966796875 3.0814741967429575 71
90 0 0 0 77.608154296875 1.615966796875 3.0814741967429575 71
100 0 0 0 77.608154296875 1.615966796875 3.0814741967429575 71
110 0 0 0 77.608154296875 1.615966796875 3.0814741967429575 71
120 0 0 0 77.608154296875 1.615966796875 3.0814741967429575 71
123 0 0 0 77.608154296875 1.615966796875 3.0814741967429575 71
