10 0.9 217.73521592881946 14.233049970120335 250.203125 198.537109375 0 0
20 0.7 206.15345982142858 15.58526259338517 250.203125 176.328125 217.73521592881946 9
30 1.1 234.58857865767047 24.852934032149264 279.708984375 176.328125 212.66819763183594 16
40 1.3 197.30780498798077 24.747474931770682 279.708984375 165.1259765625 221.5987232349537 27
50 0.8 199.3095703125 23.169202869780527 279.708984375 165.1259765625 213.7041748046875 40
60 1.6 233.7768096923828 49.311203346623905 363.18798828125 165.1259765625 211.3050740559896 48
70 0.7 223.60560825892858 24.65063341099088 363.18798828125 165.1259765625 216.9230079650879 64
80 0 0 0 363.18798828125 165.1259765625 217.58185588138204 71
90 0 0 0 363.18798828125 165.1259765625 217.58185588138204 71
100 0 0 0 363.18798828125 165.1259765625 217.58185588138204 71
110 0 0 0 363.18798828125 165.1259765625 217.58185588138204 71
120 0 0 0 363.18798828125 165.1259765625 217.58185588138204 71
123 0 0 0 363.18798828125 165.1259765625 217.58185588138204 71
