10 0.9 219.93459743923611 14.843644098024303 254.452880859375 200.425048828125 0 0
20 0.7 208.05939592633928 15.58656754998967 254.452880859375 178.224853515625 219.93459743923611 9
30 1.3 228.27824519230768 30.45795552881461 281.674072265625 169.097900390625 214.73919677734375 16
40 1.1 202.167236328125 25.226669432442623 281.674072265625 166.4169921875 220.80842537715517 29
50 0.9 208.43834092881946 29.918539450431467 281.674072265625 166.4169921875 215.68209838867188 40
60 1.6 232.18246459960938 49.01589760332689 365.072021484375 166.4169921875 214.35161232461735 49
70 0.6 228.16141764322916 25.702730290365636 365.072021484375 166.4169921875 218.74074519230768 65
80 0 0 0 365.072021484375 166.4169921875 219.53685835717428 71
90 0 0 0 365.072021484375 166.4169921875 219.53685835717428 71
100 0 0 0 365.072021484375 166.4169921875 219.53685835717428 71
110 0 0 0 365.072021484375 166.4169921875 219.53685835717428 71
120 0 0 0 365.072021484375 166.4169921875 219.53685835717428 71
123 0 0 0 365.072021484375 166.4169921875 219.53685835717428 71
