60 0.1 1
70 0 1
80 0.1 2
90 0.1 3
100 0.1 4
110 0.1 5
120 0.1 6
130 0.1 7
140 0.1 8
150 0.1 9
160 0 9
170 0.2 11
180 0.1 12
190 0.1 13
200 0 13
210 0.1 14
220 0.1 15
230 0 15
240 0.1 16
250 0.1 17
260 0.1 18
270 0.1 19
280 0.1 20
290 0.1 21
300 0.1 22
310 0 22
320 0 22
330 0.1 23
340 0.1 24
350 0.1 25
360 0.1 26
370 0.1 27
380 0.1 28
390 0 28
400 0.1 29
410 0.1 30
420 0.1 31
430 0 31
440 0.1 32
450 0.1 33
460 0.1 34
470 0.1 35
480 0.1 36
490 0.1 37
500 0 37
510 0.1 38
520 0 38
530 0.1 39
540 0.1 40
550 0 40
560 0.1 41
570 0.1 42
580 0.1 43
590 0 43
600 0.1 44
610 0.1 45
620 0 45
630 0.1 46
640 0.1 47
650 0.1 48
660 0.1 49
670 0.1 50
680 0 50
690 0.1 51
700 0 51
710 0 51
720 0 51
725 0 51
