10 1 1
20 1 0
30 1 0
40 1 0
50 1 0
60 1 0
70 1 0
80 1 0
90 1 0
100 1 0
110 1 0
120 1 0
130 1 0
140 1 0
150 1 0
160 1 0
170 1 0
180 1 0
190 1 0
200 1 0
210 1 0
220 1 0
230 1 0
240 1 0
250 1 0
260 1 0
270 1 0
280 1 0
290 1 0
300 1 0
310 1 0
320 1 0
330 1 0
340 1 0
350 1 0
360 1 0
370 1 0
380 1 0
390 1 0
400 1 0
410 1 0
420 1 0
430 1 0
440 1 0
450 1 0
460 1 0
470 1 0
480 1 0
490 1 0
500 1 0
510 1 0
520 1 0
530 1 0
540 1 0
550 1 0
560 1 0
570 1 0
580 1 0
590 1 0
600 1 0
610 1 0
620 1 0
630 1 0
640 1 0
650 1 0
660 1 0
670 1 0
680 1 0
690 0 -1
700 0 0
710 0 0
720 0 0
725 0 0
