10 0.1 15.27197265625 0.0 15.27197265625 15.27197265625 0 0
20 0 0 0 15.27197265625 15.27197265625 15.27197265625 1
30 0 0 0 15.27197265625 15.27197265625 15.27197265625 1
40 0 0 0 15.27197265625 15.27197265625 15.27197265625 1
50 0 0 0 15.27197265625 15.27197265625 15.27197265625 1
60 0 0 0 15.27197265625 15.27197265625 15.27197265625 1
70 0 0 0 15.27197265625 15.27197265625 15.27197265625 1
80 0 0 0 15.27197265625 15.27197265625 15.27197265625 1
90 0 0 0 15.27197265625 15.27197265625 15.27197265625 1
100 0 0 0 15.27197265625 15.27197265625 15.27197265625 1
110 0 0 0 15.27197265625 15.27197265625 15.27197265625 1
120 0 0 0 15.27197265625 15.27197265625 15.27197265625 1
130 0 0 0 15.27197265625 15.27197265625 15.27197265625 1
140 0 0 0 15.27197265625 15.27197265625 15.27197265625 1
150 0 0 0 15.27197265625 15.27197265625 15.27197265625 1
160 0 0 0 15.27197265625 15.27197265625 15.27197265625 1
170 0 0 0 15.27197265625 15.27197265625 15.27197265625 1
180 0 0 0 15.27197265625 15.27197265625 15.27197265625 1
190 0 0 0 15.27197265625 15.27197265625 15.27197265625 1
200 0 0 0 15.27197265625 15.27197265625 15.27197265625 1
210 0 0 0 15.27197265625 15.27197265625 15.27197265625 1
220 0 0 0 15.27197265625 15.27197265625 15.27197265625 1
230 0 0 0 15.27197265625 15.27197265625 15.27197265625 1
240 0 0 0 15.27197265625 15.27197265625 15.27197265625 1
250 0 0 0 15.27197265625 15.27197265625 15.27197265625 1
260 0 0 0 15.27197265625 15.27197265625 15.27197265625 1
270 0 0 0 15.27197265625 15.27197265625 15.27197265625 1
280 0 0 0 15.27197265625 15.27197265625 15.27197265625 1
290 0 0 0 15.27197265625 15.27197265625 15.27197265625 1
300 0 0 0 15.27197265625 15.27197265625 15.27197265625 1
310 0 0 0 15.27197265625 15.27197265625 15.27197265625 1
320 0 0 0 15.27197265625 15.27197265625 15.27197265625 1
330 0 0 0 15.27197265625 15.27197265625 15.27197265625 1
340 0 0 0 15.27197265625 15.27197265625 15.27197265625 1
350 0 0 0 15.27197265625 15.27197265625 15.27197265625 1
360 0 0 0 15.27197265625 15.27197265625 15.27197265625 1
370 0 0 0 15.27197265625 15.27197265625 15.27197265625 1
380 0 0 0 15.27197265625 15.27197265625 15.27197265625 1
390 0 0 0 15.27197265625 15.27197265625 15.27197265625 1
400 0 0 0 15.27197265625 15.27197265625 15.27197265625 1
410 0 0 0 15.27197265625 15.27197265625 15.27197265625 1
420 0 0 0 15.27197265625 15.27197265625 15.27197265625 1
430 0 0 0 15.27197265625 15.27197265625 15.27197265625 1
440 0 0 0 15.27197265625 15.27197265625 15.27197265625 1
450 0 0 0 15.27197265625 15.27197265625 15.27197265625 1
460 0 0 0 15.27197265625 15.27197265625 15.27197265625 1
470 0 0 0 15.27197265625 15.27197265625 15.27197265625 1
480 0 0 0 15.27197265625 15.27197265625 15.27197265625 1
490 0 0 0 15.27197265625 15.27197265625 15.27197265625 1
500 0 0 0 15.27197265625 15.27197265625 15.27197265625 1
510 0 0 0 15.27197265625 15.27197265625 15.27197265625 1
520 0 0 0 15.27197265625 15.27197265625 15.27197265625 1
530 0 0 0 15.27197265625 15.27197265625 15.27197265625 1
540 0 0 0 15.27197265625 15.27197265625 15.27197265625 1
550 0 0 0 15.27197265625 15.27197265625 15.27197265625 1
560 0 0 0 15.27197265625 15.27197265625 15.27197265625 1
570 0 0 0 15.27197265625 15.27197265625 15.27197265625 1
580 0 0 0 15.27197265625 15.27197265625 15.27197265625 1
590 0 0 0 15.27197265625 15.27197265625 15.27197265625 1
600 0 0 0 15.27197265625 15.27197265625 15.27197265625 1
610 0 0 0 15.27197265625 15.27197265625 15.27197265625 1
620 0 0 0 15.27197265625 15.27197265625 15.27197265625 1
630 0 0 0 15.27197265625 15.27197265625 15.27197265625 1
640 0 0 0 15.27197265625 15.27197265625 15.27197265625 1
650 0 0 0 15.27197265625 15.27197265625 15.27197265625 1
660 0 0 0 15.27197265625 15.27197265625 15.27197265625 1
670 0 0 0 15.27197265625 15.27197265625 15.27197265625 1
680 0 0 0 15.27197265625 15.27197265625 15.27197265625 1
690 0 0 0 15.27197265625 15.27197265625 15.27197265625 1
700 0 0 0 15.27197265625 15.27197265625 15.27197265625 1
710 0 0 0 15.27197265625 15.27197265625 15.27197265625 1
720 0 0 0 15.27197265625 15.27197265625 15.27197265625 1
725 0 0 0 15.27197265625 15.27197265625 15.27197265625 1
