60 0.1 52215.641845703125 0.0 52215.641845703125 52215.641845703125 0 0
70 0 0 0 52215.641845703125 52215.641845703125 52215.641845703125 1
80 0.1 14718.97802734375 0.0 52215.641845703125 14718.97802734375 52215.641845703125 1
90 0.1 14139.7431640625 0.0 52215.641845703125 14139.7431640625 33467.30993652344 2
100 0.1 9092.630126953125 0.0 52215.641845703125 9092.630126953125 27024.787679036457 3
110 0.1 9191.9990234375 0.0 52215.641845703125 9092.630126953125 22541.748291015625 4
120 0.1 9248.279052734375 0.0 52215.641845703125 9092.630126953125 19871.7984375 5
130 0.1 9178.131103515625 0.0 52215.641845703125 9092.630126953125 18101.211873372395 6
140 0.1 9184.967041015625 0.0 52215.641845703125 9092.630126953125 16826.48604910714 7
150 0.1 14252.26806640625 0.0 52215.641845703125 9092.630126953125 15871.296173095701 8
160 0 0 0 52215.641845703125 9092.630126953125 15691.40416124132 9
170 0.2 11909.1640625 2498.85595703125 52215.641845703125 9092.630126953125 15691.40416124132 9
180 0.1 9818.73095703125 0.0 52215.641845703125 9092.630126953125 15003.724143288353 11
190 0.1 9469.10888671875 0.0 52215.641845703125 9092.630126953125 14571.641377766928 12
200 0 0 0 52215.641845703125 9092.630126953125 14179.13887845553 13
210 0.1 14502.156982421875 0.0 52215.641845703125 9092.630126953125 14179.13887845553 13
220 0.1 14499.583984375 0.0 52215.641845703125 9092.630126953125 14202.211600167411 14
230 0 0 0 52215.641845703125 9092.630126953125 14222.03642578125 15
240 0.1 14580.51611328125 0.0 52215.641845703125 9092.630126953125 14222.03642578125 15
250 0.1 9669.571044921875 0.0 52215.641845703125 9092.630126953125 14244.44140625 16
260 0.1 9535.864990234375 0.0 52215.641845703125 9092.630126953125 13975.331384995405 17
270 0.1 9554.56103515625 0.0 52215.641845703125 9092.630126953125 13728.694363064236 18
280 0.1 9739.399169921875 0.0 52215.641845703125 9092.630126953125 13509.003135279605 19
290 0.1 9751.72607421875 0.0 52215.641845703125 9092.630126953125 13320.52293701172 20
300 0.1 14764.68701171875 0.0 52215.641845703125 9092.630126953125 13150.580229259673 21
310 0 0 0 52215.641845703125 9092.630126953125 13223.948719371449 22
320 0 0 0 52215.641845703125 9092.630126953125 13223.948719371449 22
330 0.1 24810.98193359375 0.0 52215.641845703125 9092.630126953125 13223.948719371449 22
340 0.1 9943.27001953125 0.0 52215.641845703125 9092.630126953125 13727.732772163723 23
350 0.1 14842.2451171875 0.0 52215.641845703125 9092.630126953125 13570.04682413737 24
360 0.1 10259.631103515625 0.0 52215.641845703125 9092.630126953125 13620.934755859374 25
370 0.1 10182.708984375 0.0 52215.641845703125 9092.630126953125 13491.653846153846 26
380 0.1 10152.05908203125 0.0 52215.641845703125 9092.630126953125 13369.10033275463 27
390 0 0 0 52215.641845703125 9092.630126953125 13254.206002371651 28
400 0.1 15249.948974609375 0.0 52215.641845703125 9092.630126953125 13254.206002371651 28
410 0.1 10893.5478515625 0.0 52215.641845703125 9092.630126953125 13323.024725552263 29
420 0.1 10551.97998046875 0.0 52215.641845703125 9092.630126953125 13242.042163085938 30
430 0 0 0 52215.641845703125 9092.630126953125 13155.265963646674 31
440 0.1 20527.89990234375 0.0 52215.641845703125 9092.630126953125 13155.265963646674 31
450 0.1 10266.787109375 0.0 52215.641845703125 9092.630126953125 13385.660774230957 32
460 0.1 10435.6669921875 0.0 52215.641845703125 9092.630126953125 13291.149451053503 33
470 0.1 10256.31591796875 0.0 52215.641845703125 9092.630126953125 13207.164672851563 34
480 0.1 10473.636962890625 0.0 52215.641845703125 9092.630126953125 13122.85470842634 35
490 0.1 10655.409912109375 0.0 52215.641845703125 9092.630126953125 13049.265326605902 36
500 0 0 0 52215.641845703125 9092.630126953125 12984.56653161951 37
510 0.1 20425.52490234375 0.0 52215.641845703125 9092.630126953125 12984.56653161951 37
520 0 0 0 52215.641845703125 9092.630126953125 13180.381225585938 38
530 0.1 15482.59814453125 0.0 52215.641845703125 9092.630126953125 13180.381225585938 38
540 0.1 15487.0078125 0.0 52215.641845703125 9092.630126953125 13239.412428635816 39
550 0 0 0 52215.641845703125 9092.630126953125 13295.602313232423 40
560 0.1 15468.808837890625 0.0 52215.641845703125 9092.630126953125 13295.602313232423 40
570 0.1 10563.220947265625 0.0 52215.641845703125 9092.630126953125 13348.607350419208 41
580 0.1 15686.294921875 0.0 52215.641845703125 9092.630126953125 13282.288626534599 42
590 0 0 0 52215.641845703125 9092.630126953125 13338.195749682049 43
600 0.1 15570.91015625 0.0 52215.641845703125 9092.630126953125 13338.195749682049 43
610 0.1 10719.05419921875 0.0 52215.641845703125 9092.630126953125 13388.93925892223 44
620 0 0 0 52215.641845703125 9092.630126953125 13329.608479817709 45
630 0.1 20720.486083984375 0.0 52215.641845703125 9092.630126953125 13329.608479817709 45
640 0.1 10799.29296875 0.0 52215.641845703125 9092.630126953125 13490.279732082201 46
650 0.1 10543.492919921875 0.0 52215.641845703125 9092.630126953125 13433.024694564494 47
660 0.1 11135.02783203125 0.0 52215.641845703125 9092.630126953125 13372.826115926107 48
670 0.1 11291.380859375 0.0 52215.641845703125 9092.630126953125 13327.15676319356 49
680 0 0 0 52215.641845703125 9092.630126953125 13286.441245117188 50
690 0.1 11321.363037109375 0.0 52215.641845703125 9092.630126953125 13286.441245117188 50
700 0 0 0 52215.641845703125 9092.630126953125 13247.910299862133 51
710 0 0 0 52215.641845703125 9092.630126953125 13247.910299862133 51
720 0 0 0 52215.641845703125 9092.630126953125 13247.910299862133 51
725 0 0 0 52215.641845703125 9092.630126953125 13247.910299862133 51
