10 0.203125 0.203125
20 0 0.203125
30 0 0.203125
40 0 0.203125
50 0 0.203125
60 0.27890625 0.48203125
70 0 0.48203125
80 0.27890625 0.7609375
90 0.27890625 1.03984375
100 0.27890625 1.31875
110 0.2796875 1.5984375
120 0.2796875 1.878125
130 0.2796875 2.1578125
140 0.2796875 2.4375
150 0.27890625 2.71640625
160 0 2.71640625
170 0.559375 3.27578125
180 0.27890625 3.5546875
190 0.2796875 3.834375
200 0 3.834375
210 0.2796875 4.1140625
220 0.27890625 4.39296875
230 0 4.39296875
240 0.2796875 4.67265625
250 0.2796875 4.95234375
260 0.2796875 5.23203125
270 0.27890625 5.5109375
280 0.2796875 5.790625
290 0.2796875 6.0703125
300 0.2796875 6.35
310 0 6.35
320 0 6.35
330 0.2796875 6.6296875
340 0.2796875 6.909375
350 0.2796875 7.1890625
360 0.2796875 7.46875
370 0.2796875 7.7484375
380 0.2796875 8.028125
390 0 8.028125
400 0.27890625 8.30703125
410 0.2796875 8.58671875
420 0.2796875 8.86640625
430 0 8.86640625
440 0.2796875 9.14609375
450 0.2796875 9.42578125
460 0.2796875 9.70546875
470 0.2796875 9.98515625
480 0.27890625 10.2640625
490 0.2796875 10.54375
500 0 10.54375
510 0.2796875 10.8234375
520 0 10.8234375
530 0.2796875 11.103125
540 0.2796875 11.3828125
550 0 11.3828125
560 0.2796875 11.6625
570 0.27890625 11.94140625
580 0.2796875 12.22109375
590 0 12.22109375
600 0.2796875 12.50078125
610 0.2796875 12.78046875
620 0 12.78046875
630 0.2796875 13.06015625
640 0.2796875 13.33984375
650 0.2796875 13.61953125
660 0.2796875 13.89921875
670 0.28046875 14.1796875
680 0 14.1796875
690 0 14.1796875
700 0 14.1796875
710 0 14.1796875
720 0 14.1796875
725 0 14.1796875
