60 4.4046875 4.4046875
70 0 4.4046875
80 4.465625 8.8703125
90 4.45078125 13.32109375
100 4.43125 17.75234375
110 4.440625 22.19296875
120 4.51875 26.71171875
130 4.5203125 31.23203125
140 4.46328125 35.6953125
150 4.478125 40.1734375
160 0 40.1734375
170 8.9515625 49.125
180 4.4234375 53.5484375
190 4.47578125 58.02421875
200 0 58.02421875
210 4.48125 62.50546875
220 4.47109375 66.9765625
230 0 66.9765625
240 4.471875 71.4484375
250 4.4734375 75.921875
260 4.47578125 80.39765625
270 4.4671875 84.86484375
280 4.42421875 89.2890625
290 4.47734375 93.76640625
300 4.4765625 98.24296875
310 0 98.24296875
320 0 98.24296875
330 4.459375 102.70234375
340 4.4578125 107.16015625
350 4.5453125 111.70546875
360 4.52734375 116.2328125
370 4.48203125 120.71484375
380 4.490625 125.20546875
390 0 125.20546875
400 4.5015625 129.70703125
410 4.496875 134.20390625
420 4.5140625 138.71796875
430 0 138.71796875
440 4.503125 143.22109375
450 4.49296875 147.7140625
460 4.44921875 152.16328125
470 4.5046875 156.66796875
480 4.49921875 161.1671875
490 4.45703125 165.62421875
500 0 165.62421875
510 4.46953125 170.09375
520 0 170.09375
530 4.48203125 174.57578125
540 4.484375 179.06015625
550 0 179.06015625
560 4.49375 183.55390625
570 4.49296875 188.046875
580 4.5046875 192.5515625
590 0 192.5515625
600 4.47265625 197.02421875
610 4.5046875 201.52890625
620 0 201.52890625
630 4.50625 206.03515625
640 4.484375 210.51953125
650 4.546875 215.06640625
660 4.49453125 219.5609375
670 4.421875 223.9828125
680 0 223.9828125
690 4.49375 228.4765625
700 0 228.4765625
710 0 228.4765625
720 0 228.4765625
725 0 228.4765625
