0 0 0
10 1 1
20 1 1
30 1 1
40 1 1
50 1 1
60 1 1
70 1 1
80 1 1
90 1 1
100 1 1
110 1 1
120 1 1
130 1 1
140 1 1
150 1 1
160 1 1
170 1 1
180 1 1
190 1 1
200 1 1
210 1 1
220 1 1
230 1 1
240 1 1
250 1 1
260 1 1
270 1 1
280 1 1
290 1 1
300 1 1
310 1 1
320 1 1
330 1 1
340 1 1
350 1 1
360 1 1
370 1 1
380 1 1
390 1 1
400 1 1
410 1 1
420 1 1
430 1 1
440 1 1
450 1 1
460 1 1
470 1 1
480 1 1
490 1 1
500 1 1
510 1 1
520 1 1
530 1 1
540 1 1
550 1 1
560 1 1
570 1 1
580 1 1
590 1 1
600 1 1
610 1 1
620 1 1
630 1 1
640 1 1
650 1 1
660 1 1
670 1 1
680 0 1
690 0 1
700 0 1
710 0 1
720 0 1
725 0 1
