10 0.1 1
20 0 1
30 0 1
40 0 1
50 0 1
60 0 1
70 0 1
80 0 1
90 0 1
100 0 1
110 0 1
120 0 1
130 0 1
140 0 1
150 0 1
160 0 1
170 0 1
180 0 1
190 0 1
200 0 1
210 0 1
220 0 1
230 0 1
240 0 1
250 0 1
260 0 1
270 0 1
280 0 1
290 0 1
300 0 1
310 0 1
320 0 1
330 0 1
340 0 1
350 0 1
360 0 1
370 0 1
380 0 1
390 0 1
400 0 1
410 0 1
420 0 1
430 0 1
440 0 1
450 0 1
460 0 1
470 0 1
480 0 1
490 0 1
500 0 1
510 0 1
520 0 1
530 0 1
540 0 1
550 0 1
560 0 1
570 0 1
580 0 1
590 0 1
600 0 1
610 0 1
620 0 1
630 0 1
640 0 1
650 0 1
660 0 1
670 0 1
680 0 1
690 0 1
700 0 1
710 0 1
720 0 1
725 0 1
