10 0.7 3.151890345982143 3.3105605260351565 11.25390625 1.656005859375 0 0
20 0.6 1.8956298828125 0.07185601660991467 11.25390625 1.656005859375 3.151890345982143 7
30 0.6 1.800537109375 0.09364821949013166 11.25390625 1.633056640625 2.572077824519231 13
40 0.9 1.9666069878472223 0.47316716120630375 11.25390625 1.621826171875 2.3284333881578947 19
50 0.6 2.1886800130208335 0.3267539738132366 11.25390625 1.621826171875 2.212132045200893 28
60 1.8 1.9151611328125 0.12015556266906662 11.25390625 1.60009765625 2.2079934512867645 34
70 0.1 3.097900390625 0.0 11.25390625 1.60009765625 2.10662841796875 52
80 0 0 0 11.25390625 1.60009765625 2.125331662735849 53
90 0 0 0 11.25390625 1.60009765625 2.125331662735849 53
100 0 0 0 11.25390625 1.60009765625 2.125331662735849 53
110 0 0 0 11.25390625 1.60009765625 2.125331662735849 53
120 0 0 0 11.25390625 1.60009765625 2.125331662735849 53
123 0 0 0 11.25390625 1.60009765625 2.125331662735849 53
