10 0.5 1282.22744140625 2006.0165653178842 5293.3671875 230.30712890625 0 0
20 0.6 1961.2571207682292 2370.444403428952 5317.343994140625 230.30712890625 1282.22744140625 5
30 0.8 4049.972778320313 6499.50689720519 20314.365966796875 230.30712890625 1652.607266512784 11
40 0.8 314.36102294921875 23.94751128693038 20314.365966796875 230.30712890625 2662.0243241159537 19
50 0.6 1967.9725341796875 2397.2180711433753 20314.365966796875 230.30712890625 1966.4203830295137 27
60 1.6 915.4119262695313 1659.4235771435797 20314.365966796875 219.794921875 1966.7025923295453 33
70 0.4 4042.7109375 2170.8201748632705 20314.365966796875 219.794921875 1623.4240074936224 49
80 0 0 0 20314.365966796875 219.794921875 1806.0117003242924 53
90 0 0 0 20314.365966796875 219.794921875 1806.0117003242924 53
100 0 0 0 20314.365966796875 219.794921875 1806.0117003242924 53
110 0 0 0 20314.365966796875 219.794921875 1806.0117003242924 53
120 0 0 0 20314.365966796875 219.794921875 1806.0117003242924 53
123 0 0 0 20314.365966796875 219.794921875 1806.0117003242924 53
