10 0.5 1284.63916015625 2005.7832974795722 5295.3310546875 232.286865234375 0 0
20 0.6 1963.1892496744792 2370.473167350119 5319.414794921875 232.286865234375 1284.63916015625 5
30 0.8 4051.8780212402344 6499.510720852557 20316.260009765625 232.286865234375 1654.7573908025568 11
40 0.8 316.27679443359375 23.958184290773058 20316.260009765625 232.286865234375 2664.0713404605262 19
50 0.6 1969.86279296875 2397.2388782539565 20316.260009765625 232.286865234375 1968.428512008102 27
60 1.6 917.3087463378906 1659.4146155314274 20316.260009765625 221.7529296875 1968.6892903645833 33
70 0.4 4044.5676879882813 2170.8949672108274 20316.260009765625 221.7529296875 1625.3813576211735 49
80 0 0 0 20316.260009765625 221.7529296875 1807.9614580262382 53
90 0 0 0 20316.260009765625 221.7529296875 1807.9614580262382 53
100 0 0 0 20316.260009765625 221.7529296875 1807.9614580262382 53
110 0 0 0 20316.260009765625 221.7529296875 1807.9614580262382 53
120 0 0 0 20316.260009765625 221.7529296875 1807.9614580262382 53
123 0 0 0 20316.260009765625 221.7529296875 1807.9614580262382 53
