10 0.1 52.0390625 0.0 52.0390625 52.0390625 0 0
20 0.2 2.1790771484375 0.2301025390625 52.0390625 1.948974609375 52.0390625 1
30 0 0 0 52.0390625 1.948974609375 18.799072265625 3
40 0 0 0 52.0390625 1.948974609375 18.799072265625 3
50 0 0 0 52.0390625 1.948974609375 18.799072265625 3
60 0 0 0 52.0390625 1.948974609375 18.799072265625 3
70 0 0 0 52.0390625 1.948974609375 18.799072265625 3
80 0.1 7.841796875 0.0 52.0390625 1.948974609375 18.799072265625 3
90 0 0 0 52.0390625 1.948974609375 16.05975341796875 4
100 0 0 0 52.0390625 1.948974609375 16.05975341796875 4
110 0 0 0 52.0390625 1.948974609375 16.05975341796875 4
120 0 0 0 52.0390625 1.948974609375 16.05975341796875 4
130 0 0 0 52.0390625 1.948974609375 16.05975341796875 4
136 0 0 0 52.0390625 1.948974609375 16.05975341796875 4
