10 0.9 1208.2657335069443 573.7974441672393 2228.9677734375 536.69482421875 0 0
20 1 1221.355126953125 422.8485494120697 2228.9677734375 536.69482421875 1208.2657335069443 9
30 1.3 1392.2044020432693 368.62712918007463 2509.966064453125 536.69482421875 1215.1548879523027 19
40 0.8 1267.5584106445313 209.8606665209096 2509.966064453125 536.69482421875 1287.0812530517578 32
50 0.7 1047.5768345424108 236.50621901717224 2509.966064453125 536.69482421875 1283.1766845703125 40
60 0.7 1124.0345982142858 515.437668633306 2509.966064453125 536.69482421875 1248.0873452044548 47
70 0.2 1147.44091796875 39.721923828125 2509.966064453125 536.69482421875 1232.006433557581 54
80 0 0 0 2509.966064453125 536.69482421875 1228.9862365722656 56
90 0 0 0 2509.966064453125 536.69482421875 1228.9862365722656 56
100 0 0 0 2509.966064453125 536.69482421875 1228.9862365722656 56
110 0 0 0 2509.966064453125 536.69482421875 1228.9862365722656 56
120 0 0 0 2509.966064453125 536.69482421875 1228.9862365722656 56
121 0 0 0 2509.966064453125 536.69482421875 1228.9862365722656 56
