10 0.1 713.85791015625 0.0 713.85791015625 713.85791015625 0 0
20 0.2 1687.6715087890625 965.4515380859375 2653.123046875 713.85791015625 713.85791015625 1
30 0 0 0 2653.123046875 713.85791015625 1363.0669759114583 3
40 0 0 0 2653.123046875 713.85791015625 1363.0669759114583 3
50 0 0 0 2653.123046875 713.85791015625 1363.0669759114583 3
60 0 0 0 2653.123046875 713.85791015625 1363.0669759114583 3
70 0 0 0 2653.123046875 713.85791015625 1363.0669759114583 3
80 0.1 1170.81005859375 0.0 2653.123046875 713.85791015625 1363.0669759114583 3
90 0 0 0 2653.123046875 713.85791015625 1315.0027465820313 4
100 0 0 0 2653.123046875 713.85791015625 1315.0027465820313 4
110 0 0 0 2653.123046875 713.85791015625 1315.0027465820313 4
120 0 0 0 2653.123046875 713.85791015625 1315.0027465820313 4
130 0 0 0 2653.123046875 713.85791015625 1315.0027465820313 4
136 0 0 0 2653.123046875 713.85791015625 1315.0027465820313 4
