10 0.9 1210.4330512152778 573.5988895083912 2230.833984375 538.60302734375 0 0
20 1 1223.1236328125 422.8591538828638 2230.833984375 538.60302734375 1210.4330512152778 9
30 1.5 1370.18515625 348.63483604602476 2511.830078125 538.60302734375 1217.1123046875 19
40 0.7 1276.6947544642858 223.12015850942998 2511.830078125 538.60302734375 1284.6444450827205 34
50 0.7 976.84814453125 252.8021563082654 2511.830078125 538.60302734375 1283.2871808307927 41
60 0.6 1196.2270100911458 524.729758097002 2511.830078125 538.60302734375 1238.5981547037761 48
70 0.2 1149.3079833984375 39.7191162109375 2511.830078125 538.60302734375 1233.890249746817 54
80 0 0 0 2511.830078125 538.60302734375 1230.8694545200892 56
90 0 0 0 2511.830078125 538.60302734375 1230.8694545200892 56
100 0 0 0 2511.830078125 538.60302734375 1230.8694545200892 56
110 0 0 0 2511.830078125 538.60302734375 1230.8694545200892 56
120 0 0 0 2511.830078125 538.60302734375 1230.8694545200892 56
121 0 0 0 2511.830078125 538.60302734375 1230.8694545200892 56
