20 0.1 1
30 0.1 2
40 0.1 3
50 0.2 5
60 0.1 6
70 0.1 7
80 0.1 8
90 0.1 9
100 0.1 10
110 0.1 11
120 0.1 12
130 0.1 13
140 0.1 14
150 0.1 15
160 0.2 17
170 0.1 18
180 0.1 19
190 0.1 20
200 0.1 21
210 0.1 22
220 0.1 23
230 0.1 24
240 0.1 25
250 0.1 26
260 0.1 27
270 0.1 28
280 0.1 29
290 0 29
300 0.1 30
310 0 30
320 0 30
330 0 30
340 0 30
350 0 30
360 0 30
370 0 30
380 0 30
390 0 30
400 0 30
410 0 30
420 0 30
430 0 30
440 0 30
450 0 30
460 0 30
470 0 30
480 0 30
490 0 30
500 0 30
510 0 30
520 0 30
530 0 30
540 0 30
550 0 30
560 0 30
570 0 30
580 0 30
590 0 30
600 0 30
605 0 30
