20 0.1 8751.279052734375 0.0 8751.279052734375 8751.279052734375 0 0
30 0.1 8715.89599609375 0.0 8751.279052734375 8715.89599609375 8751.279052734375 1
40 0.1 8817.9541015625 0.0 8817.9541015625 8715.89599609375 8733.587524414063 2
50 0.2 9096.4794921875 63.658447265625 9160.137939453125 8715.89599609375 8761.709716796875 3
60 0.1 9005.449951171875 0.0 9160.137939453125 8715.89599609375 8895.617626953124 5
70 0.1 8935.27490234375 0.0 9160.137939453125 8715.89599609375 8913.923014322916 6
80 0.1 8916.846923828125 0.0 9160.137939453125 8715.89599609375 8916.97328404018 7
90 0.1 9080.849853515625 0.0 9160.137939453125 8715.89599609375 8916.957489013672 8
100 0.1 9065.10400390625 0.0 9160.137939453125 8715.89599609375 8935.167751736111 9
110 0.1 9261.994140625 0.0 9261.994140625 8715.89599609375 8948.161376953125 10
120 0.1 9347.2529296875 0.0 9347.2529296875 8715.89599609375 8976.691628196022 11
130 0.1 9315.760986328125 0.0 9347.2529296875 8715.89599609375 9007.571736653646 12
140 0.1 9177.5478515625 0.0 9347.2529296875 8715.89599609375 9031.27860201322 13
150 0.1 9247.133056640625 0.0 9347.2529296875 8715.89599609375 9041.726405552456 14
160 0.2 9375.082397460938 98.2205810546875 9473.302978515625 8715.89599609375 9055.420182291668 15
170 0.1 9593.3251953125 0.0 9593.3251953125 8715.89599609375 9093.027501723345 17
180 0.1 9419.991943359375 0.0 9593.3251953125 8715.89599609375 9120.821818033854 18
190 0.1 9341.33984375 0.0 9593.3251953125 8715.89599609375 9136.567614103618 19
200 0.1 9351.756103515625 0.0 9593.3251953125 8715.89599609375 9146.806225585937 20
210 0.1 9317.702880859375 0.0 9593.3251953125 8715.89599609375 9156.565743582589 21
220 0.1 9327.949951171875 0.0 9593.3251953125 8715.89599609375 9163.890158913353 22
230 0.1 9483.35107421875 0.0 9593.3251953125 8715.89599609375 9171.023193359375 23
240 0.1 9616.9951171875 0.0 9616.9951171875 8715.89599609375 9184.03685506185 24
250 0.1 9527.9599609375 0.0 9616.9951171875 8715.89599609375 9201.355185546876 25
260 0.1 9521.89599609375 0.0 9616.9951171875 8715.89599609375 9213.916907677285 26
270 0.1 9626.248779296875 0.0 9626.248779296875 8715.89599609375 9225.323540581598 27
280 0.1 9691.64306640625 0.0 9691.64306640625 8715.89599609375 9239.642299107143 28
290 0.1 10003.5078125 0.0 10003.5078125 8715.89599609375 9255.228532462284 29
300 0.1 9954.8740234375 0.0 10003.5078125 8715.89599609375 9280.171175130208 30
310 0.1 10025.176025390625 0.0 10025.176025390625 8715.89599609375 9301.935783140121 31
320 0 0 0 10025.176025390625 8715.89599609375 9324.53704071045 32
330 0.1 20003.194091796875 0.0 20003.194091796875 8715.89599609375 9324.53704071045 32
340 0 0 0 20003.194091796875 8715.89599609375 9648.13270892519 33
350 0.1 20003.183837890625 0.0 20003.194091796875 8715.89599609375 9648.13270892519 33
360 0.1 10003.152099609375 0.0 20003.194091796875 8715.89599609375 9952.693036247701 34
370 0 0 0 20003.194091796875 8715.89599609375 9954.134723772322 35
380 0.1 20004.342041015625 0.0 20004.342041015625 8715.89599609375 9954.134723772322 35
390 0 0 0 20004.342041015625 8715.89599609375 10233.307149251303 36
400 0.1 20003.661865234375 0.0 20004.342041015625 8715.89599609375 10233.307149251303 36
410 0 0 0 20004.342041015625 8715.89599609375 10497.370790223818 37
420 0.1 20003.787109375 0.0 20004.342041015625 8715.89599609375 10497.370790223818 37
430 0.1 10017.59521484375 0.0 20004.342041015625 8715.89599609375 10747.539640727797 38
440 0 0 0 20004.342041015625 8715.89599609375 10728.82311698718 39
450 0.1 20003.532958984375 0.0 20004.342041015625 8715.89599609375 10728.82311698718 39
460 0.1 10003.10302734375 0.0 20004.342041015625 8715.89599609375 10960.690863037109 40
470 0 0 0 20004.342041015625 8715.89599609375 10937.33506216654 41
480 0.1 20003.22119140625 0.0 20004.342041015625 8715.89599609375 10937.33506216654 41
490 0.1 10056.5361328125 0.0 20004.342041015625 8715.89599609375 11153.189493815104 42
500 0 0 0 20004.342041015625 8715.89599609375 11127.68592728016 43
510 0.1 20003.385009765625 0.0 20004.342041015625 8715.89599609375 11127.68592728016 43
520 0.1 10003.72314453125 0.0 20004.342041015625 8715.89599609375 11329.406360973011 44
530 0 0 0 20004.342041015625 8715.89599609375 11299.946733940973 45
540 0.1 20003.875 0.0 20004.342041015625 8715.89599609375 11299.946733940973 45
550 0.1 10004.908935546875 0.0 20004.342041015625 8715.89599609375 11489.162565811821 46
560 0 0 0 20004.342041015625 8715.89599609375 11457.582701338099 47
570 0.1 20003.303955078125 0.0 20004.342041015625 8715.89599609375 11457.582701338099 47
580 0.1 10004.18701171875 0.0 20004.342041015625 8715.89599609375 11635.618560791016 48
590 0 0 0 20004.342041015625 8715.89599609375 11602.324039381378 49
600 0.1 20003.64599609375 0.0 20004.342041015625 8715.89599609375 11602.324039381378 49
605 0.1 10003.786865234375 0.0 20004.342041015625 8715.89599609375 11770.350478515626 50
