20 4.4046875 4.4046875
30 4.465625 8.8703125
40 4.45078125 13.32109375
50 8.871875 22.19296875
60 4.51875 26.71171875
70 4.5203125 31.23203125
80 4.46328125 35.6953125
90 4.478125 40.1734375
100 4.4734375 44.646875
110 4.478125 49.125
120 4.4234375 53.5484375
130 4.47578125 58.02421875
140 4.48125 62.50546875
150 4.47109375 66.9765625
160 8.95 75.9265625
170 4.47578125 80.40234375
180 4.4671875 84.86953125
190 4.42421875 89.29375
200 4.47734375 93.77109375
210 4.4765625 98.24765625
220 4.459375 102.70703125
230 4.4578125 107.16484375
240 4.5453125 111.71015625
250 4.52734375 116.2375
260 4.48203125 120.71953125
270 4.490625 125.21015625
280 4.5015625 129.71171875
290 0.109375 129.82109375
300 4.5140625 134.33515625
310 0.109375 134.44453125
320 0 134.44453125
330 0.109375 134.55390625
340 0 134.55390625
350 0.109375 134.66328125
360 0.109375 134.77265625
370 0 134.77265625
380 0.109375 134.88203125
390 0 134.88203125
400 0.109375 134.99140625
410 0 134.99140625
420 0.109375 135.10078125
430 0.109375 135.21015625
440 0 135.21015625
450 0.109375 135.31953125
460 0.109375 135.42890625
470 0 135.42890625
480 0.109375 135.53828125
490 0.109375 135.64765625
500 0 135.64765625
510 0.109375 135.75703125
520 0.109375 135.86640625
530 0 135.86640625
540 0.109375 135.97578125
550 0.109375 136.08515625
560 0 136.08515625
570 0.109375 136.19453125
580 0.109375 136.30390625
590 0 136.30390625
600 0.109375 136.41328125
605 0.109375 136.52265625
