10 0.2046875 0.2046875
20 0.28046875 0.48515625
30 0.28046875 0.765625
40 0.28046875 1.04609375
50 0.5609375 1.60703125
60 0.28125 1.88828125
70 0.28125 2.16953125
80 0.28125 2.45078125
90 0.28125 2.73203125
100 0.28125 3.01328125
110 0.28125 3.29453125
120 0.28125 3.57578125
130 0.28125 3.85703125
140 0.28125 4.13828125
150 0.28125 4.41953125
160 0.5625 4.98203125
170 0.28125 5.26328125
180 0.28125 5.54453125
190 0.28125 5.82578125
200 0.28125 6.10703125
210 0.28046875 6.3875
220 0.28125 6.66875
230 0.28046875 6.94921875
240 0.28125 7.23046875
250 0.28125 7.51171875
260 0.28125 7.79296875
270 0.28125 8.07421875
280 0.28125 8.35546875
290 0.28125 8.63671875
300 0.28125 8.91796875
310 0.28125 9.19921875
320 0 9.19921875
330 0.28125 9.48046875
340 0 9.48046875
350 0.28125 9.76171875
360 0.28125 10.04296875
370 0 10.04296875
380 0.28125 10.32421875
390 0 10.32421875
400 0.28125 10.60546875
410 0 10.60546875
420 0.28125 10.88671875
430 0.28125 11.16796875
440 0 11.16796875
450 0.28125 11.44921875
460 0.28125 11.73046875
470 0 11.73046875
480 0.28125 12.01171875
490 0.28125 12.29296875
500 0 12.29296875
510 0.28125 12.57421875
520 0.28125 12.85546875
530 0 12.85546875
540 0.28125 13.13671875
550 0.28125 13.41796875
560 0 13.41796875
570 0.28125 13.69921875
580 0.28125 13.98046875
590 0 13.98046875
600 0.28203125 14.2625
605 0 14.2625
