10 0.1 839.02001953125 0.0 839.02001953125 839.02001953125 0 0
20 0 0 0 839.02001953125 839.02001953125 839.02001953125 1
30 0 0 0 839.02001953125 839.02001953125 839.02001953125 1
40 0.1 2.64306640625 0.0 839.02001953125 2.64306640625 839.02001953125 1
50 0 0 0 839.02001953125 2.64306640625 420.83154296875 2
60 0 0 0 839.02001953125 2.64306640625 420.83154296875 2
70 0 0 0 839.02001953125 2.64306640625 420.83154296875 2
80 0 0 0 839.02001953125 2.64306640625 420.83154296875 2
90 0 0 0 839.02001953125 2.64306640625 420.83154296875 2
100 0 0 0 839.02001953125 2.64306640625 420.83154296875 2
110 0 0 0 839.02001953125 2.64306640625 420.83154296875 2
120 0 0 0 839.02001953125 2.64306640625 420.83154296875 2
130 0 0 0 839.02001953125 2.64306640625 420.83154296875 2
140 0.1 2.627197265625 0.0 839.02001953125 2.627197265625 420.83154296875 2
150 0 0 0 839.02001953125 2.627197265625 281.4300944010417 3
160 0 0 0 839.02001953125 2.627197265625 281.4300944010417 3
170 0 0 0 839.02001953125 2.627197265625 281.4300944010417 3
180 0 0 0 839.02001953125 2.627197265625 281.4300944010417 3
190 0 0 0 839.02001953125 2.627197265625 281.4300944010417 3
193 0 0 0 839.02001953125 2.627197265625 281.4300944010417 3
