10 0.1 1795.44091796875 0.0 1795.44091796875 1795.44091796875 0 0
20 0 0 0 1795.44091796875 1795.44091796875 1795.44091796875 1
30 0 0 0 1795.44091796875 1795.44091796875 1795.44091796875 1
40 0.1 894.137939453125 0.0 1795.44091796875 894.137939453125 1795.44091796875 1
50 0 0 0 1795.44091796875 894.137939453125 1344.7894287109375 2
60 0 0 0 1795.44091796875 894.137939453125 1344.7894287109375 2
70 0 0 0 1795.44091796875 894.137939453125 1344.7894287109375 2
80 0 0 0 1795.44091796875 894.137939453125 1344.7894287109375 2
90 0 0 0 1795.44091796875 894.137939453125 1344.7894287109375 2
100 0 0 0 1795.44091796875 894.137939453125 1344.7894287109375 2
110 0 0 0 1795.44091796875 894.137939453125 1344.7894287109375 2
120 0 0 0 1795.44091796875 894.137939453125 1344.7894287109375 2
130 0 0 0 1795.44091796875 894.137939453125 1344.7894287109375 2
140 0.1 1467.172119140625 0.0 1795.44091796875 894.137939453125 1344.7894287109375 2
150 0 0 0 1795.44091796875 894.137939453125 1385.5836588541667 3
160 0 0 0 1795.44091796875 894.137939453125 1385.5836588541667 3
170 0 0 0 1795.44091796875 894.137939453125 1385.5836588541667 3
180 0 0 0 1795.44091796875 894.137939453125 1385.5836588541667 3
190 0 0 0 1795.44091796875 894.137939453125 1385.5836588541667 3
193 0 0 0 1795.44091796875 894.137939453125 1385.5836588541667 3
