10 0.2 829.5096435546875 135.8455810546875 965.355224609375 693.6640625 0 0
20 0.7 4308.301862444197 3194.910933729519 10827.43896484375 693.6640625 829.5096435546875 2
30 1.4 9014.804635184151 7180.272141922704 26257.64794921875 610.06298828125 3535.2369249131943 9
40 0.6 9845.270955403646 7467.147587209286 26257.64794921875 610.06298828125 6870.62596594769 23
50 0.6 5883.582112630208 5031.988202688448 26257.64794921875 610.06298828125 7486.069756869612 29
60 1.1 6245.676136363636 5020.397021143624 26257.64794921875 491.072998046875 7211.357589285714 35
70 0.2 6039.925537109375 44.96337890625 26257.64794921875 491.072998046875 6980.433763586957 46
80 0 0 0 26257.64794921875 491.072998046875 6941.245920817058 48
90 0 0 0 26257.64794921875 491.072998046875 6941.245920817058 48
100 0 0 0 26257.64794921875 491.072998046875 6941.245920817058 48
110 0 0 0 26257.64794921875 491.072998046875 6941.245920817058 48
120 0 0 0 26257.64794921875 491.072998046875 6941.245920817058 48
121 0 0 0 26257.64794921875 491.072998046875 6941.245920817058 48
