10 0.1 1814.2490234375 0 1814.2490234375 1814.2490234375 0 0
20 0 0 0 1814.2490234375 1814.2490234375 1814.2490234375 1
30 0 0 0 1814.2490234375 1814.2490234375 1814.2490234375 1
40 0.1 895.99609375 0.0 1814.2490234375 895.99609375 1814.2490234375 1
50 0 0 0 1814.2490234375 895.99609375 1355.12255859375 2
60 0 0 0 1814.2490234375 895.99609375 1355.12255859375 2
70 0 0 0 1814.2490234375 895.99609375 1355.12255859375 2
80 0 0 0 1814.2490234375 895.99609375 1355.12255859375 2
90 0 0 0 1814.2490234375 895.99609375 1355.12255859375 2
100 0 0 0 1814.2490234375 895.99609375 1355.12255859375 2
110 0 0 0 1814.2490234375 895.99609375 1355.12255859375 2
120 0 0 0 1814.2490234375 895.99609375 1355.12255859375 2
130 0 0 0 1814.2490234375 895.99609375 1355.12255859375 2
140 0.1 1469.06494140625 0.0 1814.2490234375 895.99609375 1355.12255859375 2
150 0 0 0 1814.2490234375 895.99609375 1393.1033528645833 3
160 0 0 0 1814.2490234375 895.99609375 1393.1033528645833 3
170 0 0 0 1814.2490234375 895.99609375 1393.1033528645833 3
180 0 0 0 1814.2490234375 895.99609375 1393.1033528645833 3
190 0 0 0 1814.2490234375 895.99609375 1393.1033528645833 3
193 0 0 0 1814.2490234375 895.99609375 1393.1033528645833 3
